time,x,y,z,phi,theta,psi,x_velocity,y_velocity,z_velocity,phi_velocity,theta_velocity,psi_velocity,rotor_speed1,rotor_speed2,rotor_speed3,rotor_speed4
0.06,-6.126387034842426e-07,3.2169118468441554e-09,10.002917493631113,4.192386329648912e-06,0.0005015599306741336,0.0,-4.974210827418299e-05,3.205789745017813e-07,0.09724572400387815,0.00020926696556724795,0.021298258708610934,0.0,435.581996207369,437.3590945457861,435.56991462700285,435.5874104262209
0.12000000000000001,-1.903262986861837e-05,6.958179365137822e-08,10.012116164866233,6.283024338509815,0.0016306447776379684,0.0,-0.0006897274490268394,-5.220875270579388e-06,0.2093618805180911,-0.009455382903191038,0.013328860360387629,0.0,440.92509843906277,440.2662914791459,441.2948145029986,440.4965175801278
0.18,-0.00010472690482634621,-5.479676523776663e-06,10.031416638673228,3.793135492635713e-05,0.0030310777684920964,0.0,-0.0023053695669856857,-0.00019257284071290848,0.4339281636385678,0.021084459848437674,0.03820534278847772,0.0,473.88749006881886,475.7955490955336,473.69222455671377,476.0345293552352
0.23999999999999996,-0.00032036399383962566,-1.0625404179356244e-05,10.06193699981437,0.0016285651562251147,0.005906796387407098,0.0,-0.0051701758208669395,0.00017905226152845806,0.5833510513218638,0.03560450591754358,0.06246546753577177,0.0,451.806849927067,453.7595617468417,451.6945981693647,452.864000915538
0.3,-0.0007790118519893306,4.5526759028712716e-05,10.101750560540376,0.0036547426231656743,0.009770828756506589,0.0,-0.010539998018992186,0.0019236904486489756,0.7436730000497401,0.029822012755991438,0.06801249696641937,0.0,455.0990595315189,455.54569461062005,456.94778510661513,456.4870803667761
0.36000000000000004,-0.001633055678054391,0.00024479144659968693,10.149764001564495,0.005133005970239246,0.013901762594136002,0.0,-0.018354091982493118,0.004890857283732625,0.8566911297791513,0.011461308301439956,0.07047049484893013,0.0,441.38015449938564,441.5865570441431,442.49229301719083,440.97851702789313
0.4200000000000001,-0.003117972031592829,0.0006745603861133006,10.209403950487367,0.005389838170364314,0.019694339345979195,0.0,-0.03181115272920636,0.009502305854505809,1.1310656027927768,-0.016682797351477607,0.12441392769115195,0.0,488.7062057450635,492.715956876795,490.14950817280965,488.05367710019345
0.48000000000000015,-0.005505902661174144,0.0013629384591101958,10.2823468716269,0.004213359837959452,0.02679655695583527,0.0,-0.04860484687745934,0.01332127514829155,1.3001699256035313,-0.026214985499504705,0.10217606931234507,0.0,461.3142722164708,459.56695831281274,459.2188945735725,458.46226943370743
0.5400000000000001,-0.009094297539825755,0.002256857244755135,10.366757247823768,0.002878206948099482,0.03259253721007482,0.0,-0.07171314670925125,0.01630345130176431,1.5132311606763915,-0.015317973920108233,0.08209735509977237,0.0,473.75831201329845,472.2193192547906,472.92191917736227,473.76042378143967
0.6000000000000002,-0.01406572148044218,0.0032889987403976616,10.459843817431437,0.0017681676675760372,0.037243555269259154,0.0,-0.09447127763301685,0.018001901715060678,1.5895341282793531,-0.02577708683565401,0.06627668191004177,0.0,432.6740119968031,431.3450160146911,431.8833325790296,431.0003714812366
0.6600000000000003,-0.02065589298533189,0.004405406733528267,10.561820985492867,0.0005010097386373147,0.041002199681847706,0.0,-0.12565356764159363,0.01904432885618256,1.8093636752075388,-0.013136137198469743,0.054158878995018665,0.0,476.4420546512773,475.51727928554675,475.5185572642778,476.48585700341937
0.7200000000000003,-0.029432986320266027,0.0055589662995323835,10.682443468298112,6.283140380331094,0.0446463626523661,0.0,-0.16739666626490832,0.019311123145335087,2.210675194249977,-0.0020488070540441356,0.07140646493049124,0.0,526.5797807270288,527.7733934094302,526.5734970014113,527.3399954434552
0.7800000000000004,-0.04043573638487781,0.006718239472347266,10.818509395845183,0.0010832389863075775,0.0490062468790704,0.0,-0.19980159524957938,0.019401462483877255,2.3246065458878222,0.04333845336153526,0.07506819220806679,0.0,446.469230344632,446.771929003051,444.0222070605551,447.7301067218296
0.8400000000000004,-0.05370245826681657,0.007922510938155707,10.965955551641317,0.00324624935590645,0.053481379221756775,0.0,-0.24296228567138292,0.021049731235612233,2.589668901911394,0.01459035999336942,0.07360289296573061,0.0,491.9470703405154,491.84232962018103,492.5822026404291,490.45215209888806
0.9000000000000005,-0.06968715061760342,0.009273643316898216,11.129556926307378,0.004069865316441046,0.05761568554572882,0.0,-0.29037469623852963,0.024094169244610438,2.8630291763410463,0.01194165283899088,0.05730024132199623,0.0,495.9131432962859,494.7172356577111,495.2713878308232,495.0764101731291
0.9600000000000005,-0.08835571805363983,0.010809076873493136,11.30503663596087,0.004835974660017506,0.06099849607020946,0.0,-0.3322528845640561,0.027163665487798944,2.9859523293126893,0.014372873074168988,0.0544742624411877,0.0,451.6640508757996,451.4381879252743,452.9414997703012,453.1368599784739
1.0200000000000005,-0.10956094538980024,0.012541502507641009,11.487089255282612,0.0055935351209717155,0.06516582023591866,0.0,-0.3749606244735708,0.030664814328348285,3.082180141842637,0.008881007308791683,0.08929950773458593,0.0,442.7707460523387,445.6299744251085,445.44001762882954,444.9905588956195
1.0800000000000005,-0.13369699210500607,0.014521936460442872,11.679068992132713,0.006012765028642342,0.07005627523093327,0.0,-0.43016639275056395,0.035403976865301015,3.3164385660489417,0.0029013612033790275,0.057520758378861614,0.0,487.63014932218294,485.25486100617996,487.27944150651075,486.8321134336639
1.1400000000000006,-0.16088354958388207,0.016763508360141288,11.879813653088512,0.005830730003522078,0.07342659857968226,0.0,-0.47636872400177954,0.039317217872329634,3.37484384201097,-0.018846621430889058,0.0533293971005721,0.0,435.12880202938067,434.77998566702024,435.59478050602837,433.7722646432342
1.2000000000000006,-0.191285499879838,0.01926023537627259,12.089158733641066,0.004565887624456977,0.07638554351129301,0.0,-0.5373543200674649,0.043758606361235415,3.6025917950338626,-0.02597147963230341,0.03975623283960184,0.0,487.67044914088103,486.6567743835739,486.47408960919796,485.94032369171373
1.2600000000000007,-0.2252624206936915,0.021981916510707092,12.310165501064962,0.002853232257367111,0.07878277522564225,0.0,-0.595437987556799,0.04678073949348031,3.7637462741379193,-0.034261652157213926,0.040346118641322884,0.0,469.47181781135606,469.51830910756837,468.09523265511274,467.4494330472182
1.3200000000000007,-0.262581991352956,0.024838411725058386,12.538352965303632,0.0010058062066038431,0.08088934977648954,0.0,-0.6487568124524902,0.048242881097811594,3.8422069109382053,-0.024623322534708437,0.021760592113189172,0.0,445.13228509893963,443.6091699870751,444.05822197567664,444.8478783319126
1.3800000000000008,-0.30321833875332943,0.027748178979630802,12.772211495939976,6.282484573288842,0.08192514741964008,0.0,-0.7058853697237938,0.04858559027016047,3.9526730922459303,-0.03744999857074736,0.00626945017890954,0.0,455.5857034704135,454.3452539024691,455.5491827377873,454.5220784432884
1.4400000000000008,-0.3473592050564917,0.030638903037593184,13.013394217672,6.280008697138516,0.08217922048405146,0.0,-0.7654783165166505,0.04752122522892801,4.086260020137427,-0.050258632388893984,-0.00018238734977132562,0.0,462.51823956828645,462.00972033761866,464.0234795502868,463.0159505437967
1.5000000000000009,-0.3949824864523299,0.033415311035921484,13.261388998011581,6.278133554779924,0.0824238612963244,0.0,-0.8219565142208027,0.04479478476909462,4.17987397697332,-0.008075053189630445,0.01146648971443809,0.0,450.66810245678886,451.60869621731183,450.45904255777725,453.85700507435644
1.560000000000001,-0.44590517201756563,0.03600357841831413,13.51380988707632,6.277460241494865,0.08312973154554815,0.0,-0.8755236503619186,0.04142771393143044,4.233931553500201,-0.01840466439729554,0.012353962593145506,0.0,439.97496906803144,440.04832418667365,440.35676000861645,439.50148686183803
1.620000000000001,-0.49992873313021075,0.03838388026520857,13.76793024580018,6.276386295582803,0.08366865402455304,0.0,-0.925326408959336,0.037820446789069075,4.236713815303404,-0.016906734012559398,0.0012016467585872848,0.0,424.07123600971255,423.1119834476523,423.94756023579265,424.0763114379416
1.680000000000001,-0.5568177177000365,0.04054015596264363,14.020635441192846,6.275559327820593,0.08409926648571364,0.0,-0.9710204276284591,0.0339812357066981,4.186959895834657,-0.008171066443868856,0.01703778850366847,0.0,405.64405051079115,407.063739612232,405.4683521600387,406.25257498278904
1.740000000000001,-0.6167649953119418,0.04242744329224091,14.273962399404759,6.275899778841371,0.08515273793665479,0.0,-1.0273111641569614,0.028932032545900294,4.256981628314521,0.024480974468741805,0.01857815808711572,0.0,444.2589276019106,444.3851503456733,444.8042641536682,447.47050419567574
1.8000000000000012,-0.6801232693037285,0.0440238795689041,14.531606712823155,6.277494911823892,0.08614450521459815,0.0,-1.0847216382699396,0.024435514495009508,4.330851649200117,0.03049293358898756,0.012080438233930374,0.0,447.1630926505025,446.63332413842943,446.9705430352643,447.4604256759539
1.8600000000000012,-0.7468746365481932,0.045388344109391764,14.792842494980729,6.279656545889001,0.08694330035594255,0.0,-1.1403923865829202,0.021237198222455705,4.376803389045469,0.045273177237991104,0.0156713629524526,0.0,437.95794387023926,438.2564322676165,439.01305758269547,440.2384361598907
1.9200000000000013,-0.8167138975582503,0.04661439300841597,15.053729018672628,6.282485675596142,0.08795416823660496,0.0,-1.1876921591543577,0.019849254020548285,4.319607982876538,0.05066653522652124,0.019102425071337747,0.0,405.1518329571765,405.46018655281557,404.4599731711866,404.9470535191728
1.9800000000000013,-0.8898719952297555,0.04780330149592342,15.316378097865714,0.0029888014293106835,0.09026458039867791,0.0,-1.251079709732653,0.02013785408992942,4.434868692264897,0.07720971644703467,0.06198540618619486,0.0,458.93940974168345,462.3314292920411,459.39876811812553,461.5012391000496
2.0400000000000014,-0.9667615629890478,0.049088980628069406,15.584495559369449,0.008769217339207103,0.09387800678305336,0.0,-1.3122476396767624,0.02323691696568725,4.50204261847884,0.11960382426296119,0.056446476198779766,0.0,446.1264124039684,445.6764206032246,445.79515412917584,449.25333972396254
2.1000000000000014,-1.047421643120603,0.05068503751421285,15.85692882526969,0.015449630176509466,0.09718978696266856,0.0,-1.3767337646391378,0.03065336941820188,4.578680452687042,0.08465431848014675,0.0525719853729281,0.0,450.628953164791,450.31761417765466,451.72159825008544,448.9043207703034
2.1600000000000015,-1.1316474297304469,0.05278915289936954,16.130161461865356,0.020335950501189082,0.10000787614493234,0.0,-1.4310669145667627,0.039884723657703625,4.529208885007034,0.07408006230940918,0.03236064687924352,0.0,410.7577751626687,408.9626706984051,410.64175740611427,409.708473230917
2.2200000000000015,-1.2195142641501313,0.055594566612628744,16.403748755827078,0.024448083894563766,0.10209368615241754,0.0,-1.4980132325744322,0.054037120800771034,4.59005435595047,0.054139854326705456,0.03918062809039489,0.0,444.9562149790861,445.5147605700743,447.51559878330045,445.8927849821073
2.2800000000000016,-1.3116155316714033,0.05936648561926719,16.68264055903443,0.02772627419128071,0.10496886917044801,0.0,-1.5722723785478752,0.0720199090263744,4.705777716296295,0.05561137845962808,0.06131167007757647,0.0,462.754043464741,464.4942908201774,463.54073453790016,463.65822856098197
2.3400000000000016,-1.4081065697676178,0.06425108358842553,16.967184453145187,0.031587304761508506,0.10932331486299329,0.0,-1.6444759250290786,0.09114492365025521,4.778602966408312,0.07774091586688263,0.08879480749689886,0.0,449.89355801054256,452.1173718810468,451.30043040592716,453.08615641264714
2.4000000000000017,-1.5090645610691535,0.070375207641505,17.25644089347073,0.03608134398736329,0.11438140213401393,0.0,-1.7212810120916375,0.1134334775196153,4.862776810033296,0.06851420231368378,0.07332791379246408,0.0,456.7388594384017,455.50902247198286,456.29189829153114,455.5588383879893
2.4600000000000017,-1.614412688240459,0.07782282554463892,17.54795714275356,0.039724306277389765,0.11922080500106791,0.0,-1.7907416737624955,0.13515817864737137,4.854343637338292,0.03668764121466066,0.09230530650179729,0.0,426.88576763625593,428.5077088685071,428.6973670857285,425.98659170932575
2.520000000000002,-1.7238788893297803,0.0865837350980245,17.837785322484503,0.04196972160887924,0.12448120870660162,0.0,-1.8586051896928297,0.15705391360119877,4.8066698575794655,0.03885595145035214,0.07627565211755201,0.0,415.962059914321,414.5625669639216,413.7996434860616,413.99127899412
2.580000000000002,-1.8384322141694098,0.09700700814192366,18.132100523362862,0.04391293397934959,0.12892245526749502,0.0,-1.9602708550065318,0.19059958634481902,5.002810649297208,0.014513621807988443,0.06908252387766511,0.0,491.3704547007882,490.8405474444928,490.8625438311397,489.05282785908156
2.640000000000002,-1.9586925023154484,0.10931293760175938,18.434322511237603,0.04533376123018762,0.1335255547804559,0.0,-2.0488119854273,0.2196939432751671,5.0707978450945115,0.03757908286449431,0.08875671476377239,0.0,452.7728584629294,454.35757570179095,453.9891903694955,455.8364621663761
2.700000000000002,-2.084920458381661,0.12358365804046179,18.74470227515828,0.04750079316401923,0.13910296744834305,0.0,-2.1593129357395204,0.2562035902000978,5.27403837947269,0.03302096199451736,0.10025072075867325,0.0,495.0024109989085,495.85389891380373,495.75524211352797,495.4206030872231
2.760000000000002,-2.2172561475736305,0.13986932103352476,19.062555740654044,0.04942825382870364,0.14543242978589888,0.0,-2.252440638612033,0.2868153234890955,5.320644715562302,0.030268317717368178,0.11431534266403709,0.0,449.7927761588916,450.9400257172454,451.65809397502954,451.43635826622193
2.820000000000002,-2.354712327539399,0.15782600370494762,19.379148336005773,0.05140521453342739,0.1530200587720536,0.0,-2.330047469023381,0.3118924744208482,5.232652938426279,0.037833446647287744,0.1435894494850535,0.0,406.3631893597559,408.9949986221855,406.86790060289485,407.5453074687434
2.880000000000002,-2.498126185554664,0.17770845362632365,19.697985811401622,0.05368767064187452,0.1612072137777245,0.0,-2.4512369709960113,0.35105148089796273,5.39415852081007,0.03845261904268536,0.11573247328243025,0.0,487.2023707699546,485.1298220365539,486.55679941196587,486.6037174561083
2.940000000000002,-2.6482471725277326,0.1997434827594047,20.02192444437824,0.05565274353061511,0.16804962009737778,0.0,-2.553412490275482,0.38362490787546244,5.403484181739187,0.017794769221034724,0.11042378233383943,0.0,443.0519510596027,442.62681192974,441.933869738291,440.22790556865726
3.000000000000002,-2.8040441038806465,0.2235720286740383,20.342985402196792,0.05691109514744319,0.1743040112632519,0.0,-2.640391033743807,0.4107588709629968,5.298828838578673,0.026670920480086853,0.08750886440739228,0.0,405.4603422482253,403.4063256629282,403.70606832161207,404.50639960762993
3.0600000000000023,-2.966874197125587,0.2496019775116096,20.66743491216027,0.05801235695137574,0.1795280900350118,0.0,-2.787733518416962,0.4569998346404052,5.5147790752900265,-0.008709517524276072,0.08617191520031613,0.0,504.5014095477985,504.4101369476826,505.5230296827824,502.96672054156045
3.1200000000000023,-3.137198174421035,0.2779512966822374,20.99669888836355,0.05795458048998192,0.18474700907987351,0.0,-2.89022194345697,0.48795684957477053,5.460719817736271,0.011220835259015818,0.08855375922576675,0.0,424.919408420533,425.13022239191594,422.33655993272794,424.05248379538295
3.1800000000000024,-3.3142869244903537,0.3083192460267395,21.325462958951885,0.05842583117437794,0.18995657568465685,0.0,-3.0132163192030927,0.5243325408715828,5.497609978939433,8.777446530372664e-05,0.0831279344798195,0.0,453.64907936079754,453.2191653929393,454.4000206206564,453.5063868892258
3.2400000000000024,-3.498951728921983,0.34090125769529434,21.65686804786551,0.05789849723259444,0.1946311469440909,0.0,-3.142718515590891,0.5616870883357343,5.5486753320630635,-0.03980090661547976,0.0646278615019997,0.0,459.8363197569857,458.37269148199573,460.72791581172083,457.5626906052186
3.3000000000000025,-3.6915071833400557,0.3757098672509027,21.99142011091874,0.05585048619957789,0.1985132729685608,0.0,-3.276151492784491,0.598354236812549,5.602518912165435,-0.02470095333027588,0.06485009570225568,0.0,460.48099112451484,460.50148800761576,461.1112648863634,462.30234559686386
3.3600000000000025,-3.8917689624665646,0.4125727251725223,22.327254062400574,0.05472996042110889,0.20250646481404644,0.0,-3.399635937579167,0.630281486409708,5.591738140397099,-0.00874643714909067,0.06975711172116769,0.0,440.19026993014023,440.5995725579658,442.4088692752049,443.72088317958776
3.4200000000000026,-4.099469991202896,0.45131736577393383,22.66214726857876,0.053976262999107405,0.20680578247338488,0.0,-3.524158481341405,0.6611392371131991,5.571190585077748,-0.021560043563227653,0.07520257411190119,0.0,439.03281752368673,439.4885042722529,439.32126797017753,438.25739238634003
3.4800000000000026,-4.31436365843298,0.49180159233856124,22.99402998842528,0.05272558805124028,0.21141287207680293,0.0,-3.639447252614813,0.688240108008679,5.491698671715826,-0.019450865712686685,0.07977341883341454,0.0,419.57696722793673,419.978741151121,419.5649818543958,419.74808916232246
3.5400000000000027,-4.537458520509613,0.5341813384952904,23.326651920570047,0.051455226313020574,0.2156267410786077,0.0,-3.7974577673313368,0.7242396287002268,5.5947953096263525,-0.024859838506013823,0.032679243487074364,0.0,480.481828584012,476.9002838493174,477.42645727110266,477.0135393944028
3.6000000000000028,-4.7696870763372745,0.5785875613186294,23.663415320043086,0.050166432065592126,0.21760459403646504,0.0,-3.9437124710458784,0.7558098123016798,5.6301996095642,-0.015457365337161825,0.0335280458067358,0.0,460.34061766178957,460.4081703962771,457.09006077687496,457.8389173533129
3.660000000000003,-5.010844766054458,0.6248844052399761,24.00270230021367,0.04946547450167316,0.2195601673258034,0.0,-4.095088676615797,0.7873084429072418,5.678822840451118,-0.0050379188573424815,0.030654113145678098,0.0,464.24332928591554,464.0180746124963,463.45651893087387,464.2750416898356
3.720000000000003,-5.26007973835086,0.6728213984820005,24.340114684725535,0.048966830451576016,0.2216971232541356,0.0,-4.213115817134702,0.8105744167078339,5.568605815609619,-0.015826386571043415,0.044043595908803544,0.0,412.2917642848712,413.47402022188004,413.60438289766023,412.6529827018987
3.780000000000003,-5.516738903248893,0.7222043710482611,24.672146286400494,0.04759076579871291,0.22447075013423934,0.0,-4.342577192217846,0.8354366105075229,5.499201074425012,-0.043555609203900045,0.05026978302445619,0.0,426.6682474274167,427.20095751479545,426.7838504499011,424.4097215250051
3.840000000000003,-5.781566198600154,0.7731175645459677,25.00142451037038,0.04499804496530313,0.22767718095906542,0.0,-4.485384463424455,0.8614323213305527,5.4765469762133865,-0.04253372347611514,0.05912610729348534,0.0,439.9209931040732,440.6557763992806,442.9191288039318,443.0021412160341
3.900000000000003,-6.055368268918382,0.8256051291644372,25.330699641335904,0.04261205845762994,0.23072044270931524,0.0,-4.641727911173605,0.8878989408479377,5.498817297179361,-0.0347394810345193,0.02310742913646885,0.0,459.21155856536467,456.34618063208626,454.9148674806821,455.5379177084341
3.960000000000003,-6.33854065935779,0.8796191504471801,25.660902702251214,0.04062624592651343,0.23215492918032332,0.0,-4.797594096381276,0.9123646546586446,5.507616328243257,-0.029999522119595314,0.025463040951761155,0.0,453.41961288963853,453.6089151152664,452.604182485995,452.98518544802135
4.020000000000002,-6.630809932946361,0.9350095996743832,25.99027544937984,0.03871584110343562,0.23364523631737377,0.0,-4.945024000131786,0.9338188505694699,5.471383987889009,-0.03580092923024427,0.023559232420996036,0.0,439.2737338505414,439.11589597141915,439.6732282657109,439.19181856623004
4.080000000000001,-6.931999180845453,0.9916537049401197,26.31750393057186,0.036331612982212214,0.2348745941532524,0.0,-5.0949235171463965,0.9541195055378501,5.436136892419937,-0.049075703498952086,0.013508130317662945,0.0,440.5888042308409,439.7568039337357,440.0496385480453,438.9482587815026
4.14,-7.24218405402698,1.0494622907683577,26.642356743249646,0.03316691787266457,0.23570081651070574,0.0,-5.244865802335464,0.9725752571842509,5.392263091119433,-0.06133206039535101,0.014289751162760454,0.0,437.69301403635217,437.75796345536355,437.1423901568526,436.11770607802424
4.199999999999998,-7.561794768045508,1.1083719182275775,26.96610434474037,0.029855393680635167,0.23675947272687292,0.0,-5.4090774560672745,0.990749857634163,5.398996494597492,-0.04510952826058538,0.02362648629788843,0.0,452.9024899269871,453.65291616175654,453.39924560934077,454.69895578347774
4.259999999999997,-7.890829995915781,1.1682526734631309,27.288189105155986,0.027176732757173028,0.23818548573022902,0.0,-5.559139832578669,1.005055592223436,5.3371951812482115,-0.04373012647171444,0.02404617652661485,0.0,432.6662611881342,432.7016819216526,431.3395320260166,431.4548317187037
4.319999999999996,-8.229534085575104,1.22901253252478,27.608988923535033,0.024834266769098612,0.23914197221956002,0.0,-5.7312800208678025,1.0200295362696767,5.355696057380925,-0.03101293628397357,-0.009832174649922172,0.0,460.1538860683571,457.4634909623804,456.8250264303012,457.8374434535398
4.379999999999995,-8.578985033452078,1.2906642676008373,27.93233500931589,0.02241866196732989,0.23922959487068418,0.0,-5.917202094395449,1.0348115742700417,5.421849978871786,-0.07451761807984807,0.0177203669051268,0.0,473.49711982456375,475.6125191174132,474.4970281398053,471.14341183939416
4.439999999999993,-8.938628806292957,1.353052103463227,28.25543249932718,0.01769111929203504,0.2405255967153117,0.0,-6.071341385387314,1.044421970387415,5.348168159778535,-0.08911052545247945,0.028406972370243717,0.0,429.2015560920864,430.1078472701008,431.7829173928453,430.5444347733318
4.499999999999992,-9.307861594497338,1.4159556940831202,28.5751552740076,0.012172778963228659,0.24196548388110806,0.0,-6.236832968663862,1.0519060459467886,5.309130214715969,-0.09841251081951378,0.013272890743402255,0.0,441.9976581817377,440.7483925562164,442.44577475536465,441.6718563990909
4.559999999999991,-9.686211866792002,1.4791723519887507,28.88889640175081,0.006261233534278432,0.24245766562095383,0.0,-6.375376455718795,1.0549321089965238,5.149517048175258,-0.09875303655253381,-0.004598545216486979,0.0,401.02557506605154,399.39838391362287,400.8728708738635,400.83242683417006
4.6199999999999894,-10.073633077724025,1.5425060595475344,29.19582483776481,0.000402209385684138,0.24243938288939937,0.0,-6.539044075739071,1.0557243708186874,5.081534374079217,-0.09553319894170743,0.007136038487038578,0.0,430.48843733740796,431.48050663331236,430.8617178414751,431.12542308606714
4.679999999999988,-10.470748199986529,1.6057942504904124,29.497855439373357,6.277597406959114,0.24287754152760144,0.0,-6.698591929295978,1.0534427869964371,4.986371310625427,-0.11023154805569624,0.007633799119340678,0.0,422.51284730349863,422.5556608014996,421.2649858488103,419.9823995300688
4.739999999999987,-10.879156348996847,1.6688076458933059,29.80077420939526,6.271301247655604,0.24301265350110146,0.0,-6.915192898062565,1.0463206951861308,5.109886963821918,-0.0960328403775635,-0.011593744653499206,0.0,490.9698956293319,489.540956396894,490.2400609691216,491.28557303720584
4.799999999999986,-11.299447191627948,1.7313224628429194,30.106278704675116,6.265763570640415,0.242953467013435,0.0,-7.094877063756816,1.0370376806456452,5.073496498407451,-0.0857110296376607,0.014538348293992778,0.0,441.35772958639495,443.5098162859216,443.20468730233574,444.0451821809967
4.859999999999984,-11.731491036373878,1.7931248385521399,30.413155443477688,6.2616028633933425,0.24351940035832165,0.0,-7.306881271512508,1.0226028394569922,5.154860563527314,-0.0482940268167317,-0.0034883292252902084,0.0,480.55235693985117,479.1835542327697,479.2260591830972,482.0585932300745
4.919999999999983,-12.175253368207466,1.8540815931812809,30.720485927995284,6.258593325616937,0.24372474986357062,0.0,-7.485666499506049,1.009059576535482,5.089506516851577,-0.05417573417944627,0.014537214568217539,0.0,434.4095269302241,435.9187743856516,436.3818594030323,435.8888339070696
4.979999999999982,-12.63119464583224,1.914042289051625,31.029321483656474,6.256315045848396,0.2449222953812935,0.0,-7.712681704507514,0.9893843336463038,5.20388047947761,-0.017053224201108642,0.029047574789041346,0.0,491.0745619929494,492.1498931748881,490.66795941961306,493.41594236560337
5.0399999999999805,-13.099709692052707,1.9729092713355476,31.34033222680141,6.255571692873243,0.24709985215601904,0.0,-7.905065096971905,0.972791353170251,5.162862566070171,-0.004396335294927262,0.047837698784585055,0.0,445.3772980424243,446.9124371518027,445.7848564228876,446.8182808846373
